%plotting amx and denit rates


%% amx data
amx=... %depth (m) / rate (nM/hr)
[1.00	0
4.40	0
12.16	0
19.92	0
27.68	0
35.44	0
43.20	0.061291823
50.96	0.168733887
58.72	0.181218434
66.48	0.014220032
74.24	0.364950654
78.12	0.408243505
82.00	0.385301625
85.89	1.023085802
89.77	1.538616019
93.65	1.425742035
97.53	1.805163285
101.41	1.819963041
105.29	1.40955005
109.17	1.030946255
116.93	1.34198321
120.81	0.963239583
124.69	1.590820425
128.57	1.011119445
132.45	1.31365215
136.33	1.546254489
140.21	1.510745825
144.09	1.228977354
147.97	1.682914332
151.85	1.959582504
155.73	1.184672151
159.61	1.441363343
163.49	1.653004552
167.37	1.257019641
171.25	1.116538631
175.13	1.109509916
179.01	1.137752311
182.89	1.472156293
186.77	1.028505407
190.65	0.840498268
194.54	1.504812208
198.42	1.074176383
202.30	1.017360124
206.18	0.795562039
213.94	1.210661677
217.82	1.404961235
221.70	1.544223753
225.58	1.201476072
233.34	1.3161174
237.22	1.257947619
244.98	1.130870218
252.74	0.792257837
260.50	1.236151416
264.38	0.956772122
272.14	1.527169067
279.90	1.108913039
283.78	1.116595757
287.66	1.131106567
295.42	0.850614594
303.19	0.573510754
307.07	0.799470958
310.95	0.936471782
318.71	0.945001782
322.59	0.927567182
330.35	0.793542421
334.23	0.80340706
341.99	0.74148369
349.75	0.660605126
357.51	0.63121707
361.39	0.590708544
369.15	0.458420375
373.03	0.488803004
380.79	0.516213532
388.55	0.372347107
400.00	0.797199028];

amx=amx(1:end-1,:); %bottom one is anomolously high beam area --> throw out
%convert to rate per day
%amxrate=24*amx(:,2);
amxrate=5.48*amx(:,2); %% correcting for conversion error
amxdepth=amx(:,1);
%% denit 15NO2
denit1=... %depth IGNORE IGNORE beam30 anomaly
    [1.00	9.52E-04	9.52E-04	5.51E-01
4.40	9.54E-04	9.54E-04	9.45E-01
12.16	9.54E-04	9.54E-04	9.44E-01
19.92	9.55E-04	9.54E-04	9.79E-01
27.68	9.47E-04	9.45E-04	-9.90E-01
35.44	9.45E-04	9.43E-04	-1.41E+00
43.20	9.53E-04	9.51E-04	4.07E-01
50.96	9.54E-04	9.52E-04	5.23E-01
58.72	9.53E-04	9.50E-04	1.05E-01
66.48	9.42E-04	9.40E-04	-2.31E+00
74.24	9.55E-04	9.52E-04	6.17E-01
78.12	9.56E-04	9.53E-04	7.63E-01
82.00	9.45E-04	9.42E-04	-1.82E+00
85.89	9.48E-04	9.44E-04	-1.28E+00
89.77	9.50E-04	9.47E-04	-6.97E-01
93.65	9.60E-04	9.56E-04	1.53E+00
97.53	9.57E-04	9.52E-04	6.43E-01
101.41	9.57E-04	9.52E-04	6.14E-01
105.29	9.56E-04	9.52E-04	4.90E-01
109.17	9.59E-04	9.55E-04	1.14E+00
116.93	9.64E-04	9.59E-04	2.28E+00
120.81	9.57E-04	9.52E-04	5.49E-01
124.69	9.57E-04	9.52E-04	5.01E-01
128.57	9.59E-04	9.53E-04	7.98E-01
132.45	9.50E-04	9.44E-04	-1.19E+00
136.33	9.57E-04	9.51E-04	2.54E-01
140.21	9.51E-04	9.45E-04	-1.13E+00
144.09	9.46E-04	9.40E-04	-2.26E+00
147.97	9.54E-04	9.48E-04	-3.74E-01
151.85	9.61E-04	9.55E-04	1.20E+00
155.73	9.52E-04	9.46E-04	-9.01E-01
159.61	9.53E-04	9.46E-04	-8.78E-01
163.49	9.62E-04	9.55E-04	1.25E+00
167.37	9.52E-04	9.45E-04	-1.18E+00
171.25	9.50E-04	9.43E-04	-1.59E+00
175.13	9.57E-04	9.49E-04	-8.18E-02
179.01	9.58E-04	9.50E-04	9.73E-02
182.89	9.58E-04	9.50E-04	6.33E-02
186.77	9.54E-04	9.46E-04	-7.78E-01
190.65	9.55E-04	9.46E-04	-7.41E-01
194.54	9.67E-04	9.59E-04	2.09E+00
198.42	9.61E-04	9.53E-04	7.23E-01
202.30	9.52E-04	9.43E-04	-1.52E+00
206.18	9.53E-04	9.44E-04	-1.31E+00
213.94	9.64E-04	9.55E-04	1.19E+00
217.82	9.59E-04	9.50E-04	-1.60E-02
221.70	9.62E-04	9.52E-04	6.56E-01
225.58	9.61E-04	9.52E-04	5.24E-01
233.34	9.66E-04	9.56E-04	1.39E+00
237.22	9.57E-04	9.47E-04	-7.11E-01
244.98	9.62E-04	9.52E-04	5.70E-01
252.74	9.56E-04	9.45E-04	-1.07E+00
260.50	9.58E-04	9.47E-04	-6.63E-01
264.38	9.57E-04	9.46E-04	-9.13E-01
272.14	9.62E-04	9.50E-04	1.85E-01
279.90	9.59E-04	9.47E-04	-6.43E-01
283.78	9.57E-04	9.45E-04	-1.03E+00
287.66	9.61E-04	9.49E-04	-1.02E-01
295.42	9.60E-04	9.47E-04	-5.30E-01
303.19	9.60E-04	9.48E-04	-4.67E-01
307.07	9.58E-04	9.45E-04	-1.03E+00
310.95	9.68E-04	9.55E-04	1.21E+00
318.71	9.65E-04	9.52E-04	5.38E-01
322.59	9.66E-04	9.52E-04	6.32E-01
330.35	9.65E-04	9.51E-04	3.85E-01
334.23	9.68E-04	9.53E-04	8.87E-01
341.99	9.62E-04	9.47E-04	-5.14E-01
349.75	9.68E-04	9.53E-04	8.42E-01
357.51	9.65E-04	9.50E-04	-1.65E-02
361.39	9.70E-04	9.55E-04	1.27E+00
369.15	9.64E-04	9.49E-04	-2.44E-01
373.03	9.66E-04	9.50E-04	1.23E-01
380.79	9.63E-04	9.46E-04	-7.48E-01
388.55	9.69E-04	9.53E-04	6.88E-01
400.00	1.01E-03	9.93E-04	1.01E+01];
anom1=denit1(:,end);
d_1=denit1(:,1);
%% denit 46N2O
