 function data = get_data

 data.reference = 'Dalsgaard et al., 2012';
 data.info = 'Full dataset';
 data.label = {
 'G02'
 'G02'
 'G02'
 'G03'
 'G03'
 'G03'
 'G04'
 'G04'
 'G04'
 'G05'
 'G05'
 'G05'
 'G07'
 'G07'
 'G07'
 'G09'
 'G09'
 'G09'
 'G10'
 'G10'
 'G10'
 'G15'
 'G15'
 'G15'
 'G15'
 'G15'
 'G15'
 'G16'
 'G16'
 'G16'
 'G17'
 'G17'
 'G17'
 'G22'
 'G22'
 'G22'
};
 data.data = [
1	-26.30	-71.25	26	90.00	0.00	0.000	0.000	nan	0.000	0.000	nan	0.655	0.092	0.003
1	-26.30	-71.25	26	100.00	0.00	0.000	0.000	nan	0.000	0.000	nan	0.712	0.204	0.020
1	-26.30	-71.25	26	150.00	0.00	7.903	2.854	0.035	0.000	0.000	nan	0.000	0.000	0.295
2	-23.62	-70.88	24	99.58	5.90	0.000	0.000	0.472	0.000	0.000	nan	0.000	0.000	0.241
2	-23.62	-70.88	24	124.78	0.05	0.000	0.000	0.361	0.000	0.000	nan	0.000	0.000	0.382
2	-23.62	-70.88	24	149.76	0.40	0.000	0.000	nan	0.000	0.000	nan	0.000	0.000	0.416
3	-20.06	-70.75	20	50.13	0.29	0.000	0.000	0.094	0.000	0.000	nan	0.000	0.000	0.262
3	-20.06	-70.75	20	70.40	0.00	0.000	0.000	0.158	0.000	0.000	0.483	0.185	0.071	0.020
3	-20.06	-70.75	20	99.96	0.00	0.638	0.058	0.000	0.000	0.000	nan	0.186	0.075	0.024
4	-18.50	-71.00	19	59.53	6.18	0.145	0.037	0.015	0.000	0.000	0.256	0.000	0.000	nan
4	-18.50	-71.00	19	70.22	0.01	0.000	0.000	0.254	0.000	0.000	nan	0.060	0.029	0.042
4	-18.50	-71.00	19	100.59	0.00	0.000	0.000	0.105	0.000	0.000	nan	0.076	0.025	0.011
5	-17.09	-72.43	17	60.49	0.01	0.000	0.000	0.344	1.804	0.555	0.024	0.216	0.049	0.011
5	-17.09	-72.43	17	80.10	0.00	0.000	0.000	0.127	1.294	0.207	0.004	0.000	0.000	0.074
5	-17.09	-72.43	17	99.50	0.00	0.000	0.000	nan	0.000	0.000	0.078	0.000	0.000	0.054
6	-15.50	-75.75	16	80.38	7.76	0.000	0.000	0.152	0.000	0.000	nan	0.000	0.000	nan
6	-15.50	-75.75	16	100.74	0.00	0.144	0.018	0.002	0.000	0.000	nan	0.135	0.023	0.005
6	-15.50	-75.75	16	200.00	0.00	0.000	0.000	0.413	0.000	0.000	nan	0.000	0.000	0.052
7	-14.38	-76.42	14	75.00	7.77	0.000	0.000	0.165	0.000	0.000	nan	0.000	0.000	nan
7	-14.38	-76.42	14	100.19	0.00	2.084	0.331	0.004	0.000	0.000	nan	0.119	0.036	0.023
7	-14.38	-76.42	14	150.81	0.00	0.000	0.000	0.266	0.000	0.000	nan	0.068	0.016	0.012
8	-13.87	-76.80	14	30.54	0.00	0.000	0.000	0.207	0.000	0.000	0.472	0.584	0.084	0.000
8	-13.87	-76.80	14	59.56	0.05	0.000	0.000	0.492	0.103	0.010	0.001	0.857	0.071	0.000
8	-13.87	-76.80	14	101.02	1.12	0.000	0.000	nan	0.081	0.017	0.009	0.000	0.000	nan
8	-13.87	-76.80	14	120.45	0.70	0.000	0.000	0.362	0.000	0.000	nan	0.037	0.010	0.004
8	-13.87	-76.80	14	150.88	0.00	0.000	0.000	nan	0.000	0.000	0.275	0.039	0.009	0.003
8	-13.87	-76.80	14	201.29	0.01	0.000	0.000	0.448	0.000	0.000	nan	0.000	0.000	0.179
9	-14.28	-76.80	14	30.39	1.79	0.000	0.000	nan	0.378	0.064	0.005	0.065	0.018	0.006
9	-14.28	-76.80	14	60.43	2.59	0.000	0.000	nan	0.114	0.028	0.014	0.000	0.000	nan
9	-14.28	-76.80	14	101.33	0.42	0.000	0.000	0.486	0.123	0.014	0.001	0.155	0.037	0.003
10	-14.16	-77.43	14	31.00	0.00	0.357	0.019	0.000	0.000	0.000	nan	0.000	0.000	nan
10	-14.16	-77.43	14	60.12	0.23	0.000	0.000	0.165	0.000	0.000	nan	0.000	0.000	nan
10	-14.16	-77.43	14	111.69	0.00	0.198	0.084	0.049	0.000	0.000	nan	0.102	0.026	0.014
11	-12.44	-77.63	12	60.27	0.07	0.000	0.000	0.064	0.000	0.000	nan	0.181	0.019	0.001
11	-12.44	-77.63	12	75.00	0.00	0.106	0.040	0.020	0.000	0.000	nan	0.085	0.008	0.001
11	-12.44	-77.63	12	100.85	0.00	0.000	0.000	0.305	0.000	0.000	nan	0.000	0.000	0.455
                       ];
 data.variables = {'order','latitude','longitude','distance','depth','o2','denitrification','denitrification_se','denitrification_s5pc', ...
                   'n2o_prod','n2o_prod_se','n2o_prod_s5pc','anammox','anammox_se','anammox_s5pc'};
 data.units     = {'none','degree','degree','km','m','umol','nM h-1','nM h-1','Sign 5%','nM h-1','nM h-1','Sign 5%','nM h-1','nM h-1','Sign 5%'};
 data.incubations = nan; 
 data.incubations_annamox = nan; 

