 function data = get_data

 data.reference = 'Kalvelage et al., 2013, NG';
 data.info = '';
 data.label = {
};
 data.data = [
-10	-78.38	115	15	nan	112.32
-10	-78.38	115	20	0.58	17.15
-10	-78.38	115	40	0.00	17.30
-10	-78.38	115	60	0.00	106.7
-10	-78.38	115	80	0.00	182.11
-10	-78.38	115	113	0.00	226.66
-10	-78.97	145	45	nan	4.41
-10	-78.97	145	54	4.91	9.64
-10	-78.97	145	80	0.00	6.96
-10	-78.97	145	100	0.00	4.81
-10	-78.97	145	120	0.00	4.81
-10	-78.97	145	140	0.00	63.96
-12.36	-77.00	105	15	6.07	44.79
-12.36	-77.00	105	30	0.05	249.51
-12.36	-77.00	105	40	0.00	nan
-12.36	-77.00	105	80	0.00	151.88
-12.36	-77.00	105	99	0.00	118.18
-12.03	-77.79	356	38	0.10	3.62
-12.03	-77.79	356	75	0.00	2.84
-12.03	-77.79	356	100	0.00	8.43
-12.03	-77.79	356	150	0.00	46.29
-12.03	-77.79	356	250	0.00	11.06
-12.03	-77.79	356	353	0.00	3.16
-13.35	-76.75	160	40	9.97	32.51
-13.35	-76.75	160	50	2.56	52.39
-13.35	-76.75	160	70	0.07	78.33
-13.35	-76.75	160	100	0.00	39.39
-13.35	-76.75	160	130	0.00	55.44
-13.35	-76.75	160	160	0.00	107.75
-13.35	-76.50	109	15	4.80	59.48
-13.35	-76.50	109	20	0.00	73.96
-13.35	-76.50	109	30	0.00	0.00
-13.35	-76.50	109	80	0.00	13.70
-16.00	-74.25	258	65	0.29	37.56
-16.00	-74.25	258	175	0.00	38.98
-16.00	-74.25	258	255	0.00	78.40
-17.34	-71.94	281	75	0.73	6.14
-17.34	-71.94	281	87	0.75	21.20
-17.34	-71.94	281	125	0.02	14.26
-17.34	-71.94	281	150	0.01	8.99
-17.34	-71.94	281	200	0.02	23.35
-17.34	-71.94	281	280	0.01	7.93
-6.00	-81.36	999	62	7.46	0.00
-6.00	-81.36	999	69	1.53	1.75
-6.00	-81.36	999	197	1.45	5.00
-6.00	-81.36	999	345	0.64	8.41
-10.00	-81.50	4697	52	3.27	1.61
-10.00	-81.50	4697	70	1.54	0.00
-10.00	-81.50	4697	95	0.22	15.95
-10.00	-81.50	4697	150	0.15	2.33
-10.00	-81.50	4697	300	0.00	0.71
-10.00	-81.50	4697	365	0.00	1.99
-10.00	-84.00	4525	75	2.58	3.98
-10.00	-84.00	4525	110	0.44	0.00
-10.00	-84.00	4525	150	0.13	0.96
-10.00	-84.00	4525	200	0.00	1.10
-10.00	-84.00	4525	275	0.00	1.01
-10.00	-84.00	4525	362	0.00	2.51
-12.03	-80.95	4678	90	7.60	1.34
-12.03	-80.95	4678	125	1.09	2.38
-12.03	-80.95	4678	150	0.00	0.00
-12.03	-80.95	4678	200	0.00	2.46
-12.03	-80.95	4678	300	0.24	0.00
-12.03	-80.95	4678	358	0.46	5.23
-16.00	-77.00	2352	75	1.36	2.07
-16.00	-77.00	2352	115	0.00	3.01
-16.00	-77.00	2352	150	0.16	3.73
-16.00	-77.00	2352	225	0.15	3.90
-16.00	-77.00	2352	300	0.00	1.57
-16.00	-77.00	2352	357	0.00	3.79
-16.00	-75.00	2845	90	1.49	2.31
-16.00	-75.00	2845	120	1.17	18.81
-16.00	-75.00	2845	150	0.60	0.00
-16.00	-75.00	2845	180	0.00	18.50
-16.00	-75.00	2845	250	0.01	10.37
-16.00	-75.00	2845	337	0.00	0.00
-13.75	-77.03	1893	41	3.64	9.73
-13.75	-77.03	1893	75	0.00	6.88
-13.75	-77.03	1893	100	0.00	3.59
-13.75	-77.03	1893	200	0.00	46.80
-13.75	-77.03	1893	300	0.00	6.60
-13.75	-77.03	1893	376	0.00	2.23
                       ];
 data.variables = {'latitude','longitude','bottom','depth','o2','anammox'};
 data.units     = {'degree','degree','m','m','uMol',x''nmol N l^-^1 d^-^1','m','km','degree','degree'};
 data.incubations = 19; 
 data.incubations_annamox = 19; 





