 function data = get_data

 data.reference = 'Dalsgaard et al., 2012';
 data.info = 'Note: G15 Rel Depth moved 110 m';
 data.label = {
 'G02'
 'G07'
 'G15'
 'G16'
 'G22'
 'G02'
 'G04'
 'G05'
 'G09'
 'G10'
 'G15'
 'G22'
 'G04'
 'G05'
 'G10'
 'G16'
 'G17'
 'G15'
 'G15'
};
 data.data = [
90.0	0.655	11	26	26.30	-71.25
60.5	0.216	4	17	17.09	-72.43
30.6	0.584	0	14	13.87	-76.80
30.4	0.065	-75	14	14.28	-76.80
60.3	0.181	-10	12	12.44	-77.63
100.0	0.712	21	26	26.30	-71.25
70.4	0.185	20	20	20.06	-70.75
70.2	0.060	1	19	18.50	-71.00
100.7	0.135	16	16	15.50	-75.75
100.2	0.119	20	14	14.38	-76.42
60.5	0.857	30	14	13.87	-76.80
75.5	0.085	5	12	12.44	-77.63
100.0	0.186	50	20	20.06	-70.75
100.6	0.076	31	19	18.50	-71.00
150.8	0.068	70	14	14.38	-76.42
101.3	0.155	-5	14	14.28	-76.80
111.7	0.102	22	14	14.16	-77.43		
120.4	0.037	90	14	13.87	-76.80
150.9	0.039	120	14	13.87	-76.80
                       ];
 data.variables = {'depth','anammox','depth_below','distance','latitude','longitude'};
 data.units     = {'m','nM N_2 h^-^1','m','km','degree','degree'};
 data.incubations = 19; 
 data.incubations_annamox = 19; 

